2 1 3 1
2 1 3 2
2 1 3 3
2 1 3 4
2 2 3 1
2 2 3 2
2 2 3 3
2 2 3 4
3 1 3 1
3 1 3 2
3 1 3 3
3 1 3 4
3 2 3 1
3 2 3 2
3 2 3 3
3 2 3 4
4 1 3 1
4 1 3 2
4 1 3 3
4 1 3 4
4 2 3 1
4 2 3 2
4 2 3 3
4 2 3 4
5 1 3 1
5 1 3 2
5 1 3 3
5 1 3 4
5 2 3 1
5 2 3 2
5 2 3 3
5 2 3 4
6 1 3 1
6 1 3 2
6 1 3 3
6 1 3 4
6 2 3 1
6 2 3 2
6 2 3 3
6 2 3 4
7 1 3 1
7 1 3 2
7 1 3 3
7 1 3 4
7 2 3 1
7 2 3 2
7 2 3 3
7 2 3 4
8 1 3 1
8 1 3 2
8 1 3 3
8 1 3 4
8 2 3 1
8 2 3 2
8 2 3 3
8 2 3 4
9 1 3 1
9 1 3 2
9 1 3 3
9 1 3 4
9 2 3 1
9 2 3 2
9 2 3 3
9 2 3 4
10 1 3 1
10 1 3 2
10 1 3 3
10 1 3 4
10 2 3 1
10 2 3 2
10 2 3 3
10 2 3 4
12 1 3 1
12 1 3 2
12 1 3 3
12 1 3 4
12 2 3 1
12 2 3 2
12 2 3 3
12 2 3 4
13 1 3 1
13 1 3 2
13 1 3 3
13 1 3 4
13 2 3 1
13 2 3 2
13 2 3 3
13 2 3 4
14 1 3 1
14 1 3 2
14 1 3 3
14 1 3 4
14 2 3 1
14 2 3 2
14 2 3 3
14 2 3 4
15 1 3 1
15 1 3 2
15 1 3 3
15 1 3 4
15 2 3 1
15 2 3 2
15 2 3 3
15 2 3 4
17 1 3 1
17 1 3 2
17 1 3 3
17 1 3 4
17 2 3 1
17 2 3 2
17 2 3 3
17 2 3 4
18 1 3 1
18 1 3 2
18 1 3 3
18 1 3 4
18 2 3 1
18 2 3 2
18 2 3 3
18 2 3 4
19 1 3 1
19 1 3 2
19 1 3 3
19 1 3 4
19 2 3 1
19 2 3 2
19 2 3 3
19 2 3 4
20 1 3 1
20 1 3 2
20 1 3 3
20 1 3 4
20 2 3 1
20 2 3 2
20 2 3 3
20 2 3 4
21 1 3 1
21 1 3 2
21 1 3 3
21 1 3 4
21 2 3 1
21 2 3 2
21 2 3 3
21 2 3 4
22 1 3 1
22 1 3 2
22 1 3 3
22 1 3 4
22 2 3 1
22 2 3 2
22 2 3 3
22 2 3 4
23 1 3 1
23 1 3 2
23 1 3 3
23 1 3 4
23 2 3 1
23 2 3 2
23 2 3 3
23 2 3 4
24 1 3 1
24 1 3 2
24 1 3 3
24 1 3 4
24 2 3 1
24 2 3 2
24 2 3 3
24 2 3 4
25 1 3 1
25 1 3 2
25 1 3 3
25 1 3 4
25 2 3 1
25 2 3 2
25 2 3 3
25 2 3 4
26 1 3 1
26 1 3 2
26 1 3 3
26 1 3 4
26 2 3 1
26 2 3 2
26 2 3 3
26 2 3 4
27 1 3 1
27 1 3 2
27 1 3 3
27 1 3 4
27 2 3 1
27 2 3 2
27 2 3 3
27 2 3 4
28 1 3 1
28 1 3 2
28 1 3 3
28 1 3 4
28 2 3 1
28 2 3 2
28 2 3 3
28 2 3 4
29 1 3 1
29 1 3 2
29 1 3 3
29 1 3 4
29 2 3 1
29 2 3 2
29 2 3 3
29 2 3 4
30 1 3 1
30 1 3 2
30 1 3 3
30 1 3 4
30 2 3 1
30 2 3 2
30 2 3 3
30 2 3 4
32 1 3 1
32 1 3 2
32 1 3 3
32 1 3 4
32 2 3 1
32 2 3 2
32 2 3 3
32 2 3 4
33 1 3 1
33 1 3 2
33 1 3 3
33 1 3 4
33 2 3 1
33 2 3 2
33 2 3 3
33 2 3 4
34 1 3 1
34 1 3 2
34 1 3 3
34 1 3 4
34 2 3 1
34 2 3 2
34 2 3 3
34 2 3 4
35 1 3 1
35 1 3 2
35 1 3 3
35 1 3 4
35 2 3 1
35 2 3 2
35 2 3 3
35 2 3 4
36 1 3 1
36 1 3 2
36 1 3 3
36 1 3 4
36 2 3 1
36 2 3 2
36 2 3 3
36 2 3 4
38 1 3 1
38 1 3 2
38 1 3 3
38 1 3 4
38 2 3 1
38 2 3 2
38 2 3 3
38 2 3 4
39 1 3 1
39 1 3 2
39 1 3 3
39 1 3 4
39 2 3 1
39 2 3 2
39 2 3 3
39 2 3 4
40 1 3 1
40 1 3 2
40 1 3 3
40 1 3 4
40 2 3 1
40 2 3 2
40 2 3 3
40 2 3 4
41 1 3 1
41 1 3 2
41 1 3 3
41 1 3 4
41 2 3 1
41 2 3 2
41 2 3 3
41 2 3 4
42 1 3 1
42 1 3 2
42 1 3 3
42 1 3 4
42 2 3 1
42 2 3 2
42 2 3 3
42 2 3 4
43 1 3 1
43 1 3 2
43 1 3 3
43 1 3 4
43 2 3 1
43 2 3 2
43 2 3 3
43 2 3 4
44 1 3 1
44 1 3 2
44 1 3 3
44 1 3 4
44 2 3 1
44 2 3 2
44 2 3 3
44 2 3 4
45 1 3 1
45 1 3 2
45 1 3 3
45 1 3 4
45 2 3 1
45 2 3 2
45 2 3 3
45 2 3 4
46 1 3 1
46 1 3 2
46 1 3 3
46 1 3 4
46 2 3 1
46 2 3 2
46 2 3 3
46 2 3 4
47 1 3 1
47 1 3 2
47 1 3 3
47 1 3 4
47 2 3 1
47 2 3 2
47 2 3 3
47 2 3 4
48 1 3 1
48 1 3 2
48 1 3 3
48 1 3 4
48 2 3 1
48 2 3 2
48 2 3 3
48 2 3 4
49 1 3 1
49 1 3 2
49 1 3 3
49 1 3 4
49 2 3 1
49 2 3 2
49 2 3 3
49 2 3 4
50 1 3 1
50 1 3 2
50 1 3 3
50 1 3 4
50 2 3 1
50 2 3 2
50 2 3 3
50 2 3 4
51 1 3 1
51 1 3 2
51 1 3 3
51 1 3 4
51 2 3 1
51 2 3 2
51 2 3 3
51 2 3 4
52 1 3 1
52 1 3 2
52 1 3 3
52 1 3 4
52 2 3 1
52 2 3 2
52 2 3 3
52 2 3 4
53 1 3 1
53 1 3 2
53 1 3 3
53 1 3 4
53 2 3 1
53 2 3 2
53 2 3 3
53 2 3 4
54 1 3 1
54 1 3 2
54 1 3 3
54 1 3 4
54 2 3 1
54 2 3 2
54 2 3 3
54 2 3 4
55 1 3 1
55 1 3 2
55 1 3 3
55 1 3 4
55 2 3 1
55 2 3 2
55 2 3 3
55 2 3 4
56 1 3 1
56 1 3 2
56 1 3 3
56 1 3 4
56 2 3 1
56 2 3 2
56 2 3 3
56 2 3 4
57 1 3 1
57 1 3 2
57 1 3 3
57 1 3 4
57 2 3 1
57 2 3 2
57 2 3 3
57 2 3 4
58 1 3 1
58 1 3 2
58 1 3 3
58 1 3 4
58 2 3 1
58 2 3 2
58 2 3 3
58 2 3 4
59 1 3 1
59 1 3 2
59 1 3 3
59 1 3 4
59 2 3 1
59 2 3 2
59 2 3 3
59 2 3 4
60 1 3 1
60 1 3 2
60 1 3 3
60 1 3 4
60 2 3 1
60 2 3 2
60 2 3 3
60 2 3 4
61 1 3 1
61 1 3 2
61 1 3 3
61 1 3 4
61 2 3 1
61 2 3 2
61 2 3 3
61 2 3 4
62 1 3 1
62 1 3 2
62 1 3 3
62 1 3 4
62 2 3 1
62 2 3 2
62 2 3 3
62 2 3 4
63 1 3 1
63 1 3 2
63 1 3 3
63 1 3 4
63 2 3 1
63 2 3 2
63 2 3 3
63 2 3 4
64 1 3 1
64 1 3 2
64 1 3 3
64 1 3 4
64 2 3 1
64 2 3 2
64 2 3 3
64 2 3 4
65 1 3 1
65 1 3 2
65 1 3 3
65 1 3 4
65 2 3 1
65 2 3 2
65 2 3 3
65 2 3 4
